%YAML:1.0
R: !!opencv-matrix
   rows: 3
   cols: 3
   dt: d
   data: [ 9.9999899999999997e-001, -1.2587700000000000e-003,
       -8.0266900000000000e-004, -1.2621600000000000e-003,
       -9.9999000000000005e-001, -4.2394800000000003e-003,
       7.9732499999999999e-004, -4.2404900000000004e-003,
       9.9999099999999996e-001 ]
T: !!opencv-matrix
   rows: 3
   cols: 1
   dt: d
   data: [ 2.5999999999999999e-002, -5.0799199999999997e-004,
       -8.6258799999999996e-004 ]
Intrinsics of Depth camera: !!opencv-matrix
   rows: 3
   cols: 3
   dt: d
   data: [ 2.2450200000000001e+002, 0., 160., 0.,
       -2.3049400000000000e+002, 120., 0., 0., 1. ]
Intrinsics of Color camera: !!opencv-matrix
   rows: 3
   cols: 3
   dt: d
   data: [ 2.9372600000000000e+002, 0., 160., 0.,
       3.0033749999999998e+002, 120., 0., 0., 1. ]
Distortion of Depth camera: !!opencv-matrix
   rows: 5
   cols: 1
   dt: d
   data: [ -1.7010300000000000e-001, 1.4406400000000000e-001, 0., 0.,
       -4.7699400000000003e-002 ]
Distortion of Color camera: !!opencv-matrix
   rows: 5
   cols: 1
   dt: d
   data: [ 2.2575200000000000e-002, -1.6266800000000001e-001, 0., 0.,
       1.8613800000000000e-001 ]
